INSERT INTO geo_location VALUES

  ('Point', 'POINT(0 0)'),
  ('Linestring', 'LINESTRING(0 0, 1 1, 2 1, 2 2)'),
  ('Polygon', 'POLYGON((0 0, 10 0, 10 10, 0 10, 0 0),(1 1, 1 2, 2 2, 2 1, 1 1)')
),
  ('PolygonWithHole', 'POLYGON((0 0, 10 0, 10 10, 0 10, 0 0),(1 1, 1 2, 2 2, 2 1, 1 1))'),
  ('Collection', 'GEOMETRYCOLLECTION(POINT(2 0),POLYGON((0 0, 1 0, 1 1, 0 1, 0 0)))');
select ('POLYGON((0 0, 10 0, 10 10, 0 10, 0 0),(1 1, 1 2, 2 2, 2 1, 1 1)::geometry')
--------
select
    sum(pg_column_size(geometry)) as total_size,
    avg(pg_column_size(geometry)) as average_size
from geo_state;
-----insert jason string to postgresql geometry data type
select ST_GeomFromGeoJSON(
	'{"type":"MultiPolygon","coordinates":[[[[93.36715363962884,14.044924665141252],[93.36257357051392,14.04425785291761],[93.35943271614701,14.068790814244721],[93.35254866938567,14.073561045905592],[93.3543707857832,14.083245655262829],[93.3614618348958,14.09771464981128],[93.3504130736045,14.149731686068492],[93.36525522384954,14.158051609294375],[93.37899020523383,14.148531875345839],[93.36822178330868,14.141524555813646],[93.37130223830769,14.134457319849503],[93.3789020339018,14.122371612360098],[93.37663185457649,14.109878154053604],[93.3747499233703,14.091492118266672],[93.36805278990437,14.069348901130923],[93.36715363962884,14.044924665141252]]],[[[93.6142573670839,14.843653854042202],[93.61321695759659,14.834266248488632],[93.60969644993128,14.838216685151963],[93.60854417287533,14.845350318062799],[93.61212000233633,14.873959104029495],[93.61822351760134,14.887295286448364],[93.62297247849716,14.89621726351595],[93.64089571146798,14.906136730825494],[93.64418827247084,14.901630055382782],[93.6404966759809,14.893543187867863],[93.63901852148763,14.882783162013368],[93.63775028674638,14.87345052032532],[93.626954025408,14.867426164286087],[93.6142573670839,14.843653854042202]]],[[[96.13935584319768,16.311109892607533],[96.13655967109202,16.309397093301243],[96.13430899986054,16.30948864608422],[96.132233802548,16.310209623575304],[96.1307041106063,16.31129299727405],[96.12962073600823,16.31255184848908],[96.12962073600823,16.313993803471305],[96.12917060104246,16.316336028385024],[96.12926215562402,16.317690247307098],[96.12998313131652,16.318498959959072],[96.13249992633058,16.31971638929997],[96.13503019049097,16.32094033153112],[96.14616811326789,16.32657504640133],[96.14885288994896,16.327718371605613],[96.15809745203586,16.331026427028007],[96.16125220452568,16.330847136386296],[96.1617938931737,16.32958447114646],[96.16053122793386,16.328142516164235],[96.15858049319525,16.32719663531651],[96.15508912176563,16.325719557311743],[96.14861208927658,16.323184024023533],[96.14701575487322,16.32255779910321],[96.14519457107264,16.321247317809537],[96.14413184400945,16.32048260448863],[96.14304846941138,16.318861357965375],[96.1419689124354,16.315164916827484],[96.14088553783733,16.31156002757325],[96.13935584319768,16.311109892607533]]],[[[95.90496066850011,16.913305838893393],[95.91370889385041,16.910732829056883],[95.9147748548757,16.910585799794887],[95.92117061563147,16.909703626021553],[95.92117061563147,16.906873319248348],[95.92039871402949,16.904814913177745],[95.91801276407784,16.903200314442984],[95.91754344387488,16.90229961643422],[95.91699768759327,16.90147161332436],[95.91649236123357,16.900987385059807],[95.91597920627538,16.900495657348756],[95.91480953183446,16.89988421368554],[95.91437301440317,16.899656025105514],[95.91422265854891,16.89962500568953],[95.9141535051802,16.899610739743878],[95.91409146275089,16.899597940592514],[95.9139495533293,16.899568664062656],[95.9178257050923,16.896066686028803],[95.92232847028276,16.896271357337298],[95.92348632403468,16.896323987462097],[95.9244369236252,16.895227141919122],[95.92683123457385,16.892464475854922],[95.93583676045819,16.892464475854922],[95.94098277383603,16.88963416728302],[95.94612878991177,16.889119567114392],[95.95153210742086,16.89040606978432],[95.96336794007846,16.88114324336601],[95.96623037333313,16.880325404393943],[95.96877125578891,16.879599437464094],[95.974174573298,16.87934213693012],[95.97983518954243,16.871108514446462],[95.98507574504964,16.870220283739172],[95.98649515762548,16.87003453326713],[95.99051271878699,16.869157543186134],[95.99332738275257,16.868713122512645],[95.99499247842022,16.868630163651176],[95.99608279038853,16.86858868511979],[95.99702496153282,16.868511651891254],[95.99780714148648,16.868256850573232],[95.99877894169487,16.867842058064582],[95.99979814606763,16.867237646200465],[96.00134472907604,16.86608215316886],[96.00374311845019,16.86383042253601],[96.00446011734061,16.863107498012653],[96.00519489223058,16.862396424755275],[96.00655778241577,16.860974279139725],[96.00699035182333,16.860529858466236],[96.00738672711583,16.859813593422643],[96.00750753574425,16.859377127252685],[96.00749402792712,16.859024754888594],[96.00736366490128,16.85872847413981],[96.00711478921619,16.85823072366901],[96.00664074037792,16.8575315016775],[96.0060837335775,16.856778949888678],[96.00581756213086,16.856422224805897],[96.00579634172783,16.85639378464549],[96.00576627199592,16.85635504185177],[96.0054882106125,16.8559967690357],[96.0051000830025,16.8553627290068],[96.00485120731742,16.854947936498093],[96.00464973669602,16.854331673368108],[96.00480380225372,16.85377466656763],[96.00521859476243,16.853288766463436],[96.00607188231157,16.852791015992636],[96.0071799711788,16.852311041521375],[96.00807177489253,16.852100682900243],[96.00883321558047,16.852136235798696],[96.01006574184055,16.85228437662272],[96.01121530923916,16.852337706420087],[96.0118197220026,16.85223104592609],[96.0123411750053,16.852017724038774],[96.01326557015,16.851413312174657],[96.01394108871034,16.850856305374236],[96.01455735184038,16.849765993405924],[96.01542249065545,16.848213483865266],[96.0159557958234,16.847395750113833],[96.01651280262382,16.846874297111185],[96.01717647081756,16.846489132767317],[96.01856898826827,16.84578102277601],[96.01968596513524,16.845309936304545],[96.0201274225426,16.845155870746908],[96.02077627710355,16.844874404530174],[96.02202954262935,16.844527756350942],[96.0230368957362,16.84448627692018],[96.02352575910658,16.84449220255317],[96.0248175407969,16.844616640845345],[96.02534343914846,16.84484477636539],[96.02605451150657,16.845271420139966],[96.02642189895153,16.845745468978237],[96.02680113856178,16.846752822085136],[96.02783219420047,16.848862338426216],[96.02883954730731,16.850675574018567],[96.02920992859538,16.85148367962819],[96.02923063728412,16.851528861567772],[96.02946766170328,16.852844346689324],[96.02946766170328,16.854408706596587],[96.02946687119919,16.8545102373576],[96.02946643592736,16.854566128424153],[96.02946104359233,16.85525905426198],[96.02944395917143,16.85745446844902],[96.0296809835906,16.858201095504228],[96.03020243659324,16.858876614064513],[96.03048389831332,16.85918456621482],[96.03070611359635,16.85942769613132],[96.03126312039677,16.859812860475188],[96.0318201271972,16.860132842856444],[96.03280377867151,16.86040542107338],[96.03388816410757,16.86048837993485],[96.03571786538726,16.860406928337113],[96.03928639235318,16.859875079171616],[96.04228475004123,16.859377328700816],[96.04412168816543,16.858844023532924],[96.04541347075514,16.858239611668807],[96.04729781394303,16.857125597168647],[96.04890957891399,16.85573900535087],[96.05074651703819,16.85410353784806],[96.05190793660205,16.85320284523516],[96.05332119331848,16.852346595319148],[96.05565884517961,16.851256283350835],[96.05716394965663,16.850402995801687],[96.0593682761251,16.84901640398391],[96.06090893350051,16.847712770128283],[96.06183332864526,16.8464802438682],[96.06286438428396,16.844512942718154],[96.06368211803539,16.842818218885725],[96.06509241238496,16.840732405076494],[96.06607606296001,16.83944062248679],[96.0674626556771,16.83816069116301],[96.07099431763373,16.835529721819285],[96.07459708628659,16.834048319874114],[96.07917165514783,16.832958007905802],[96.0816841127317,16.832495811232775],[96.08324847263896,16.83178473797534],[96.0852513284861,16.83100255802168],[96.08672087916528,16.830990706755756],[96.08930444344537,16.83088404536244],[96.09124804296289,16.830599616778954],[96.0958581656219,16.82980558555937],[96.09871430811887,16.8288930416806],[96.10175468932749,16.827607805256036],[96.10340738874004,16.826973144694932],[96.10575096623415,16.825933201056444],[96.10789603637306,16.825376193356703],[96.10778664823528,16.824956939311335],[96.10775807407589,16.824847422570542],[96.10770984073662,16.824662557031445],[96.10679567268221,16.822718283921688],[96.1068052702471,16.82271320724874],[96.10680004428667,16.822701945938093],[96.106669639892,16.82245023558994],[96.10661537390047,16.82231818903324],[96.10652459993042,16.822097303847556],[96.10642910541895,16.821864934319308],[96.10639670104695,16.821786084460257],[96.1063461627453,16.821708134822586],[96.10609588591649,16.821322115223495],[96.10603884821433,16.82123414174231],[96.10578410535226,16.8191658719075],[96.1071791256162,16.818735235143038],[96.10785484292671,16.815591812312334],[96.10823704400445,16.812636801946894],[96.108268737912,16.812391758273066],[96.10856368316752,16.811443502315853],[96.10888099636094,16.810363133252054],[96.10942662314022,16.807733390583564],[96.10962486159815,16.8067779544391],[96.1099262244158,16.805029127392345],[96.1102135973797,16.803300857948273],[96.11046981872721,16.800519307020465],[96.11110458360969,16.80004806496629],[96.11068763722471,16.798812484608504],[96.11065292339379,16.798180897930138],[96.11038589489317,16.79710388243825],[96.11006355269086,16.79606056184548],[96.10971641528039,16.79491233803401],[96.10934448266181,16.793720245293116],[96.10903358433251,16.792692184396856],[96.10859616578051,16.791242599566374],[96.10836410561905,16.790088654268004],[96.10810407024672,16.788714726703347],[96.10773658657428,16.787571588558023],[96.10752487177547,16.786472321140764],[96.10740470886026,16.78566169742942],[96.10717391944087,16.784139634436656],[96.10704612757678,16.783422470071002],[96.10693538865735,16.782974730899184],[96.1072321469461,16.78290132373718],[96.10725079978465,16.782896709315708],[96.10733226936878,16.782876556407984],[96.10787244715578,16.78277863462631],[96.1080789710677,16.782741196748873],[96.1080797417867,16.782741057353974],[96.10808007633449,16.78274099620006],[96.10808783568513,16.782739589660366],[96.10825516804164,16.782709256427097],[96.1086950372462,16.782629016216163],[96.1087470378456,16.78261953016721],[96.10915556297891,16.782545007845897],[96.10973148162265,16.782414409197656],[96.11016615724242,16.78231583990413],[96.11119493309974,16.782240238396355],[96.11120005473879,16.78223986247974],[96.11219186756068,16.782197874932024],[96.11259942772148,16.782167783616387],[96.1125994825801,16.78216778001911],[96.11259978924892,16.78216775663668],[96.11311883656509,16.782129435624995],[96.11327783490424,16.782096044696743],[96.11368381315754,16.782010784470174],[96.11370153519778,16.782001788551725],[96.11391340467992,16.781894246722175],[96.1139542644778,16.781691706806896],[96.11400413458318,16.78169059794277],[96.11426162757209,16.781087875904802],[96.11460685841985,16.780229568339962],[96.11484909081292,16.779591561401503],[96.11522865327976,16.778833389749195],[96.11569150286061,16.777972538901622],[96.11619949391155,16.777181625631556],[96.11670875570456,16.77649116483542],[96.11730003386953,16.77578163211666],[96.11788749711036,16.775122960556246],[96.11859054571715,16.77443428041778],[96.11930656434652,16.77382087713181],[96.11998558037027,16.773283005206565],[96.12057685943455,16.772863387835116],[96.12106895496834,16.772521972810864],[96.12140655506852,16.772323608447834],[96.1217803960485,16.77209472559116],[96.12208824207875,16.77192954980893],[96.12239837688367,16.77173042282078],[96.1228027345586,16.771519661303387],[96.12306404157232,16.771413803004634],[96.12354660069514,16.771221161027825],[96.12415504511932,16.770942687754882],[96.12476730356826,16.77069187223219],[96.12527656536128,16.770532607693724],[96.12578582805361,16.770381927184246],[96.12637710621851,16.770215987877577],[96.12689590532182,16.770092010937617],[96.12752850823415,16.769950231018413],[96.12802505541202,16.769802093791668],[96.12871933023297,16.769639969409127],[96.1294879915776,16.769430160273714],[96.12977561904961,16.769227981885933],[96.12975582137409,16.769202473515406],[96.12957725468664,16.76897239725838],[96.12930870093584,16.76873207142802],[96.12924906149505,16.76867628917944],[96.12911701224039,16.76855277988693],[96.12905560203444,16.76850773014769],[96.12887001074245,16.76837158178313],[96.12868667674877,16.768217638533258],[96.1286201476018,16.768161774446355],[96.12841987667605,16.767951965311],[96.12812614460597,16.76761627267291],[96.12800123237105,16.767476932614386],[96.12781238643254,16.76726627361967],[96.12760448475922,16.76692771933881],[96.1274347314278,16.76671218871661],[96.12717781040766,16.766497421618737],[96.12701034585086,16.76628303583351],[96.12683677669594,16.766040803440376],[96.126640319795,16.765771865679085],[96.12644958528017,16.76550292971649],[96.12621879586078,16.765150069919855],[96.12612879171041,16.76499930127676],[96.12584304831807,16.764520645211633],[96.12561416636078,16.764106750226404],[96.1255341851546,16.76400144860804],[96.12523460389389,16.76360702574368],[96.12483882934856,16.76318168688539],[96.12471071912444,16.76279830859511],[96.12469521751035,16.762780679185028],[96.12446530672861,16.762519200400845],[96.12420844956034,16.762275059646356],[96.12397575357824,16.762089729157708],[96.12367153181577,16.76190567031051],[96.12353362527665,16.761846288975107],[96.12340172261145,16.76175195818638],[96.12278374087703,16.7615116314567],[96.12203224579156,16.759733982937007],[96.12199529804462,16.75966677839915],[96.12199101457372,16.759658987572266],[96.12154778010603,16.758852789424736],[96.12118919882255,16.75862772059287],[96.12083061574037,16.758341620169688],[96.12059028991001,16.757857151786197],[96.12005241798477,16.75730402106376],[96.11963661643676,16.756987401247613],[96.12018947736254,16.756574876829177],[96.11893651670692,16.755620585521626],[96.11702883970923,16.754437702737846],[96.1164637147287,16.754162262878197],[96.1150416680386,16.75346916616911],[96.11298970021454,16.752645165941715],[96.11117388176928,16.751969641086134],[96.10948367253354,16.751294698091897],[96.1076443889774,16.750593214305468],[96.10603858831024,16.750066046111215],[96.10474699188023,16.749717322296647],[96.10424396868427,16.749581510278517],[96.10130050021797,16.74913157855957],[96.0989542076706,16.74883384180839],[96.09705168468759,16.748700639622882],[96.09705712468661,16.7487006045493],[96.09896015668596,16.74883384180839],[96.10130644923328,16.74913157855957],[96.10424991769958,16.749581510278517],[96.10475294089554,16.749717322296647],[96.10604453642628,16.750066046111215],[96.10765033799277,16.750593214305468],[96.10948962154885,16.751294698091897],[96.11117983078464,16.751969641086134],[96.11299564833058,16.752645165941715],[96.11504761615464,16.75346916616911],[96.11646966284474,16.754162262878197],[96.1170347887246,16.754437702737846],[96.11894246572228,16.755620585521626],[96.12019266276121,16.756572772415552],[96.1201954263779,16.756574876829177],[96.12047032484566,16.756393228164995],[96.1206661234429,16.756512832601175],[96.12096061723878,16.756554794068563],[96.1210508642061,16.756871272691114],[96.12105863524789,16.7568776632736],[96.12106441339205,16.756897925898613],[96.12109502361653,16.756907586416048],[96.12109872882331,16.756910633319137],[96.12140235883186,16.757006454284465],[96.12154209908869,16.757275226570528],[96.12155248985556,16.7572837719286],[96.12155269490103,16.757284164932344],[96.12155463383937,16.757285534599816],[96.12159078118964,16.757315258992037],[96.1217803960485,16.757449150058278],[96.12209320094053,16.757586161771997],[96.12224311792562,16.757800674361704],[96.1222521740986,16.757859137489277],[96.12258403832277,16.758132037663472],[96.1226603188187,16.758145014880597],[96.12269362521067,16.75816225848149],[96.12304592203174,16.758344649985645],[96.12338447541327,16.758582433432593],[96.1236578621207,16.758821487621617],[96.12388420169464,16.758983612004158],[96.1242008224101,16.759173393237575],[96.12453269922474,16.75940895086245],[96.12494373256726,16.759722709935147],[96.12512561235718,16.759807313656665],[96.12528228774744,16.75991916683614],[96.12554512001134,16.760223007286015],[96.12599563628964,16.760330835999355],[96.1264057163508,16.760530472003722],[96.12681083665086,16.760721207417816],[96.12721824662486,16.76074218770185],[96.1274013521907,16.761000633072797],[96.12763404817287,16.761274338140254],[96.12803077689887,16.76172447220665],[96.12828445406439,16.7620201108395],[96.12849521558178,16.762236595642435],[96.12878131870298,16.76247310744799],[96.12906456018135,16.762747764897483],[96.12925338723409,16.763010025192557],[96.1294746402425,16.763299942338506],[96.12978553767249,16.763729096120926],[96.12997500144525,16.764005661032456],[96.13018035893646,16.764265060584137],[96.13041686984275,16.76451911906213],[96.13071428283791,16.764817727256343],[96.13079643230958,16.764900207678465],[96.13103675903926,16.765153884843983],[96.1312999726157,16.765465735555324],[96.13152885457305,16.765695571693357],[96.1318004606228,16.76596412634342],[96.13213443735447,16.766160964556946],[96.13232231112579,16.76644249012884],[96.13254737815902,16.766645431141797],[96.13276863116744,16.76683616655589],[96.13298988327654,16.767007828248722],[96.133294105039,16.76723289528195],[96.13372611956481,16.76746749872615],[96.13401222268601,16.7676010129764],[96.13418773527582,16.767674028933357],[96.13433774309243,16.767736434688743],[96.13479709610914,16.76778602600433],[96.1348010989916,16.76778581646232],[96.1348030451245,16.76778602600433],[96.13516639461346,16.76776695228307],[96.13546203414563,16.76776313825826],[96.13587052510474,16.76776313735894],[96.13587647412004,16.76776313735894],[96.13637216244541,16.76778277585447],[96.13637717976309,16.767782974604643],[96.1366579418106,16.767723083353644],[96.13699077460461,16.7676591874216],[96.13739608646029,16.767637252956888],[96.13793586584757,16.7676143643115],[96.1383518643471,16.76759261960376],[96.1383554823197,16.767592430746106],[96.13878578003977,16.767627334334065],[96.13921951137144,16.767911911305703],[96.13960520631525,16.768076212946937],[96.13960606696645,16.768076578970977],[96.14006522932692,16.76804351809392],[96.14069103066657,16.767715454404765],[96.14090083890267,16.767471313650276],[96.14123557915872,16.767253875565928],[96.14152803868808,16.767085392976583],[96.14218734516993,16.766782760316175],[96.14259361120622,16.766649246065924],[96.14288429097729,16.766569900680395],[96.14330886721052,16.766403198748662],[96.14366554103196,16.766267776137],[96.14395355071588,16.766155243070045],[96.14428352186712,16.766004562560568],[96.14483283766538,16.765764236730206],[96.14526771383396,16.765579223702275],[96.14556525992884,16.765466689736],[96.1459613528342,16.76530456535346],[96.1463663463299,16.765146255895047],[96.14681838875771,16.76495361301886],[96.1471540813958,16.764816283844482],[96.14744590600384,16.764726639422918],[96.14784644875465,16.76458930934922],[96.14829404043769,16.76441701273501],[96.14875434673576,16.764240265375975],[96.1492006667774,16.76408863068582],[96.14946197379112,16.76402664221581],[96.14985679415577,16.763921738097793],[96.15018676620633,16.763814927417002],[96.15061591908943,16.7637043000135],[96.15107368300414,16.763589858585135],[96.15156768599996,16.763456344334884],[96.15205024512278,16.7633533476789],[96.15263198687677,16.763235092225784],[96.15300391859603,16.763159752420677],[96.15331481782465,16.76306724455776],[96.15358375378725,16.76296679208383],[96.15398811146224,16.762834548575597],[96.15433429559135,16.762727737894863],[96.15466712658667,16.762685776427475],[96.15495322970787,16.762664795244177],[96.15537284617994,16.762582778872172],[96.15575431610887,16.762506484886444],[96.15613483275638,16.762455940289442],[96.1566949116409,16.7622944966937],[96.15725730717907,16.762090683338442],[96.15769230295746,16.761930088702684],[96.15769472573106,16.761929193877222],[96.15807937476342,16.76202678740634],[96.15839354302767,16.762072432496836],[96.1583966304002,16.76207288125852],[96.15886710982932,16.761999130555466],[96.15930198509858,16.761901855386384],[96.15975116588368,16.761790275600788],[96.16014269383032,16.76174612428423],[96.16017741485587,16.761742208636065],[96.16057838208673,16.761656570694242],[96.16080592945013,16.761528015305714],[96.16099284904084,16.761313438864136],[96.16115836836406,16.761213264280798],[96.16128415653867,16.76113713577024],[96.16128562693018,16.761136245441435],[96.1613647115123,16.761151959295546],[96.16157745243754,16.76119422923034],[96.16170392949283,16.761227631849806],[96.1618509623521,16.761266463676407],[96.16185477997419,16.76126747181644],[96.16216682224109,16.76111984270665],[96.16225355016127,16.761018175248637],[96.16241706669433,16.760826491949103],[96.16266368687968,16.76069354966762],[96.16299938041715,16.76061248837567],[96.16340659883554,16.760402679240315],[96.1637050991111,16.760116577018437],[96.16404365339196,16.759931563990563],[96.16438468080844,16.75971163478414],[96.16500854500839,16.759813944358086],[96.16501088504435,16.75981335260417],[96.16501449402375,16.759813944358086],[96.16555999579725,16.75967597936301],[96.16605590625511,16.759525298853532],[96.16644882005704,16.759403227576968],[96.16661312799351,16.759356768600014],[96.16672538586795,16.75932502702841],[96.1671659844227,16.759235382606846],[96.16765807905716,16.759102821637953],[96.16811584297182,16.75892829920167],[96.16865562235915,16.75869433067885],[96.16905235108521,16.758487702445564],[96.16932319361058,16.758356094758028],[96.16963599940192,16.758207320811266],[96.16974312394609,16.75816394740832],[96.1701824553561,16.757986068702166],[96.17062686703633,16.757756232564134],[96.17133163334825,16.757476806909153],[96.17173885176663,16.75733184788652],[96.17217181957386,16.757238387641507],[96.1725962051508,16.757086753850672],[96.1730074291496,16.75688972498085],[96.17326500307752,16.756723755097255],[96.17329810892068,16.756702423178353],[96.1736278075773,16.75650596627736],[96.17385624347094,16.75644542031995],[96.1739084608069,16.756431579753666],[96.17417358184537,16.756343841894818],[96.1745397929771,16.756198882872184],[96.17487834725796,16.756059646235713],[96.17519019886862,16.75589752185323],[96.17544578259685,16.75577735893802],[96.17569564663683,16.75566673243378],[96.17594550887821,16.75556564323989],[96.17631553493408,16.75540351885735],[96.17660831282342,16.75520801523777],[96.17691634861063,16.75506591785785],[96.1771814714478,16.75494766240473],[96.17748283156749,16.75479221368977],[96.17789481909068,16.754646682698308],[96.17818950444212,16.754487037746628],[96.17851661484997,16.754251480121752],[96.17880080960975,16.754004160263833],[96.17875387129419,16.753964173707686],[96.17881633910281,16.753929175690928],[96.17920000967274,16.753714224232112],[96.1796286571369,16.753474073769553],[96.17980158507515,16.753378003691978],[96.17983465224745,16.753359634139827],[96.18181448005424,16.752440291386392],[96.18210058317544,16.752173261986513],[96.1829512599927,16.751780347285262],[96.18351583458815,16.751513319684022],[96.1849349018243,16.750719863131224],[96.1852171909207,16.750452833731345],[96.18748312004999,16.749396162702794],[96.1888983732614,16.74887736539813],[96.19087820196751,16.748091536894947],[96.19144277566363,16.746775466314773],[96.19106130663403,16.745249588397826],[96.19050054606339,16.743578748760285],[96.19027547903022,16.741782027418708],[96.19013052090685,16.74145014790605],[96.19028692380255,16.740639525094082],[96.19028692380255,16.740343885561913],[96.1905692111003,16.738032179141783],[96.19089918135222,16.736361342202258],[96.19124441219992,16.735075789216353],[96.19150762577635,16.73415263243811],[96.19159636637926,16.733838766346025],[96.19249631165553,16.731690248206462],[96.19663076489792,16.72181971660666],[96.20015291562464,16.709642863727254],[96.2008531088839,16.707872083330017],[96.2023489935113,16.704089002405567],[96.20400457255306,16.69830592098151],[96.20524053602196,16.69045909061458],[96.20689230103892,16.681376295879375],[96.21041687543851,16.675298074046907],[96.21449614268289,16.671481987104073],[96.22030468571273,16.66549571015895],[96.22726029872388,16.659902133876415],[96.23515565201177,16.657007170344684],[96.23989286596304,16.65555968992777],[96.24305100709836,16.65200678148784],[96.24482556195017,16.64311115635485],[96.24406262119305,16.632643625103242],[96.24081398847483,16.627662771319876],[96.23607677722157,16.618056756414205],[96.23332520519415,16.608690708509414],[96.23331900796592,16.60868933884194],[96.23249432695167,16.604147838052313],[96.2329063117769,16.59547321501691],[96.23786160412976,16.57647602424919],[96.24438855258967,16.557379648152278],[96.250251741125,16.545916485557427],[96.2593383489857,16.52154819729151],[96.26553341793294,16.511225625961913],[96.27441212412032,16.49901526344371],[96.2754439792563,16.497595723164125],[96.28411478826695,16.486445361864014],[96.29154963111063,16.48107808288728],[96.30345913712955,16.474039651308885],[96.30924906239437,16.470749919573166],[96.32425023705883,16.4606175503597],[96.32767155489842,16.45693305221863],[96.32780314729746,16.45022199904605],[96.32543453897284,16.44443207288191],[96.32569771657643,16.440879164441924],[96.32425023705883,16.435484007381092],[96.3187234893976,16.427325473791655],[96.31846030909605,16.42285143924255],[96.312801972633,16.41916694110148],[96.3114860810179,16.413640193440244],[96.30739950318457,16.405949533943897],[96.29827598354984,16.401270805603247],[96.287982780481,16.38746855492991],[96.26786425113437,16.37460205424145],[96.25031901760866,16.36688215238945],[96.23113623285093,16.36220342314948],[96.20587109837254,16.357758631855404],[96.17459101386424,16.34175008250037],[96.16656870688035,16.3393201197278],[96.15602488434098,16.333369191534985],[96.15169901849498,16.332110340320014],[96.13205332480118,16.323367054046344],[96.12319094940284,16.322324542843432],[96.11799616579049,16.321474964098343],[96.11240763560397,16.32282536809629],[96.10673136396133,16.3258008299444],[96.10132602657495,16.329226430355504],[96.09414295073663,16.33529179727867],[96.08573535800042,16.342200213868807],[96.08050540819806,16.34643834455403],[96.07888416257413,16.34887212045203],[96.07690052074247,16.350493366076023],[96.07176593594926,16.35364812126386],[96.0631142042572,16.35770314278585],[96.0631142042572,16.36076634698935],[96.06257251830715,16.363287859846878],[96.06104282276812,16.36491292309296],[96.05824664886381,16.367075853767687],[96.0529327761268,16.3698682145465],[96.0400009531815,16.374945576377286],[96.02962497831015,16.380904133518982],[96.01770786312744,16.387747700895716],[96.01329044359915,16.39414876225561],[96.01042179243183,16.398341027516437],[96.00313953396238,16.403639643254962],[95.99500449785933,16.406941837795614],[95.989821185999,16.410364779810777],[95.97867217278258,16.41466790629886],[95.97123950180162,16.41466790629886],[95.95696094319305,16.41545029219725],[95.94356257175536,16.41212515145463],[95.93045759424263,16.409777989262864],[95.92028656946968,16.408995602465154],[95.91216930486956,16.409582393013068],[95.90542122031314,16.410560375161253],[95.89847753860761,16.41144056233213],[95.89251897517062,16.413811840743904],[95.8873810799729,16.414572488229794],[95.88416717187755,16.41632552860034],[95.87773935838476,16.41968552256884],[95.87715501399276,16.424652468336774],[95.87481762653232,16.428888982040917],[95.86999676753686,16.431956801565207],[95.86663677176966,16.436047229396195],[95.86400721256285,16.440868088391596],[95.86469655819968,16.445150253481472],[95.86765937917704,16.449048941355613],[95.86897416012943,16.456207189610154],[95.86649068589651,16.462635002203626],[95.86240025806552,16.46541064818291],[95.8588941782238,16.467748032945394],[95.85158984409611,16.4665793414635],[95.84852202547114,16.4690628147971],[95.84574637949186,16.46687151320981],[95.84136377811592,16.46497238696611],[95.83626444135092,16.46528282124524],[95.83256662155242,16.46717281847083],[95.82870445604584,16.471692374903228],[95.82673228506695,16.476294104189606],[95.82648576650496,16.48286800625351],[95.82718880611856,16.489341469333397],[95.82883228118487,16.4945184157923],[95.82944095943282,16.495776348799495],[95.83061753257311,16.496532703821288],[95.83114217187381,16.49686996487702],[95.8313351501971,16.497101962985255],[95.831716592247,16.49756053089385],[95.83189149059984,16.497920019593266],[95.83206721902701,16.498281212508005],[95.83211249899267,16.498340157672203],[95.8328877424754,16.499349364281784],[95.83404081902864,16.500920672351185],[95.83430880081056,16.501286526452077],[95.83450503198168,16.501554426395728],[95.83561887471137,16.502665653896884],[95.8362332159902,16.503278554461758],[95.83853701916814,16.505178437035283],[95.84039881275504,16.50649834861997],[95.84484866363499,16.50997201329784],[95.84573525128087,16.510664105464173],[95.84751967619218,16.512000435072082],[95.85102250858199,16.514623654058425],[95.8524019597827,16.51567884570221],[95.85613411299897,16.518533702168668],[95.85800330620765,16.520068281925717],[95.86009757634213,16.521787647182236],[95.8642099215507,16.525552440392858],[95.86789881198064,16.528986021387823],[95.86959125063578,16.53054951884525],[95.87095034298397,16.531805065951062],[95.87431125156309,16.5346277554666],[95.87708478863215,16.536878438389294],[95.87884297762139,16.53744700597457],[95.87885972029989,16.53746130339647],[95.8806473773746,16.5389878099395],[95.88093354164971,16.53940705499167],[95.88158214440051,16.540357288558084],[95.88244065791008,16.541181550488204],[95.88274167089145,16.543191823044253],[95.88247491578477,16.545404363920284],[95.8820397212562,16.547475801167366],[95.8807658297793,16.549333491147763],[95.87828848892269,16.553969111385413],[95.87766067579963,16.555246236824416],[95.87745302143986,16.55565999781072],[95.87761859022584,16.555718940276904],[95.87874416191357,16.55631756050707],[95.87938890837148,16.557015645755484],[95.87568561709759,16.568189183484094],[95.86725802253977,16.56889148295562],[95.86093732549722,16.566784585440303],[95.85560397344466,16.557065833321587],[95.85005168413795,16.555547792097002],[95.84021948883839,16.56994493441124],[95.83038729623678,16.594525415915257],[95.82933384837844,16.60716680730235],[95.82406660189224,16.614892102388637],[95.82406660189224,16.620510498161025],[95.82580380430221,16.631757466433953],[95.83635684309388,16.64368638341989],[95.83108959660768,16.65141167760686],[95.82371545260611,16.65738122446396],[95.82519729252107,16.674268667764863],[95.82648631689005,16.678293315584085],[95.8280464643729,16.6834429010691],[95.82928655483067,16.68832191562393],[95.83199866190876,16.694127697735098],[95.83426446243504,16.700986795504264],[95.83615312236878,16.704603170899645],[95.83833510697968,16.707681407271195],[95.83858145826775,16.708003659541305],[95.84269388351595,16.713383145016167],[95.85144210976563,16.711582039479595],[95.86019033601525,16.71389774608417],[95.86870391925055,16.719663726899512],[95.87018869455267,16.7214141016795],[95.87030230051084,16.721548030517226],[95.87268618292109,16.72493910775364],[95.87429622838829,16.73111159742234],[95.87571132152033,16.735475238391587],[95.87770631549415,16.741479660058303],[95.88025979475378,16.74657494447814],[95.87794408904853,16.751978261087913],[95.8758856820786,16.75583777089645],[95.87485647904333,16.763556794110798],[95.87434187617669,16.7699893137559],[95.87459917940868,16.7759072305343],[95.87434187617669,16.78105324750942],[95.87125426886945,16.791602576597654],[95.8708360490445,16.80203446052201],[95.87356997637335,16.80601141909176],[95.86971046296753,16.816046148910686],[95.865850953159,16.82402247175969],[95.85993303278332,16.83277069890869],[95.8555589228061,16.84151892515831],[95.85067020726433,16.848208745337388],[95.8493837027957,16.85284015854654],[95.84500959012053,16.86055918086157],[95.84115008031199,16.865705196937313],[95.83725149675922,16.870096321188328],[95.8399753076144,16.875001834267266],[95.84150130783917,16.880143783608787],[95.84411816592069,16.884378188402707],[95.84583102188424,16.88575901916346],[95.84583829290295,16.885770802980232],[95.84626370910297,16.886460305099035],[95.84704771917694,16.887010141604776],[95.84757819327905,16.887968252333053],[95.84784737385729,16.88833682418516],[95.8486729209186,16.889467191957408],[95.85014527928126,16.8910084347915],[95.85041290583098,16.894265580492174],[95.85221401316625,16.895552085860118],[95.85761732617874,16.894265580492174],[95.85788010268465,16.89423273275446],[95.86173413921921,16.893750980323546],[95.86337854598315,16.89237777761241],[95.8633900743925,16.89261727246918],[95.86347749748859,16.894433542374145],[95.86410201729433,16.895564085514195],[95.86437741128856,16.89606261929447],[95.86504453917422,16.895909678788712],[95.86623211731842,16.89563742432773],[95.86649137837446,16.89557798813371],[95.8648217492244,16.898896996399287],[95.86507904885906,16.900440800502565],[95.86957491984674,16.89996755116158],[95.86996776350156,16.899926199434617],[95.8751137795773,16.897095889963396],[95.88180359885706,16.89658128979471],[95.88725861479332,16.899316565207357],[95.89055182510668,16.902499206573168],[95.89183832957531,16.90455761354309],[95.89158102814201,16.906616019613637],[95.88797881796813,16.90790252318294],[95.88669231439883,16.907098458227324],[95.88592041189753,16.906616019613637],[95.8846339092276,16.903785710142472],[95.88257550225768,16.90352840960844],[95.88180359885706,16.906616019613637],[95.8805486992631,16.909910130148432],[95.87984656526686,16.9117532313266],[95.88000249242117,16.915106943530645],[95.88900802190273,16.914592342462697],[95.89183832957531,16.91304853656078],[95.89492593778186,16.915364243165357],[95.89818908735657,16.918627391840687],[95.89827084832103,16.918709152805206],[95.90264496099621,16.91896645603714],[95.90393146546484,16.91562154639729],[95.90496066850011,16.913305838893393]]],[[[96.67299550493868,16.986549201084813],[96.68294446641403,16.981403184109695],[96.68706127945455,16.976257170731913],[96.69083502361752,16.975227968595902],[96.69083502361752,16.971111155555434],[96.69563797081577,16.971111155555434],[96.70141792709569,16.97258945573884],[96.7062730691469,16.976257170731913],[96.71210522027974,16.967680475773363],[96.7175943034344,16.964592869365504],[96.7175943034344,16.956702312162008],[96.71896657174995,16.95258549912154],[96.71893869096789,16.952557910619134],[96.71633690012789,16.949983422297123],[96.72205418085582,16.944351874839185],[96.72205418085582,16.938862793483167],[96.72857246704575,16.93097223627973],[96.73783529616207,16.928570761331628],[96.74263824425964,16.931658370437503],[96.7477842567381,16.93337370852987],[96.75105899048009,16.935775178981373],[96.75293027461254,16.93714745359216],[96.75361641326691,16.938108049147218],[96.75464561180559,16.939548928540262],[96.75636094899863,16.939891996518497],[96.75704708675369,16.936461318535066],[96.75910549282429,16.931315302459268],[96.76322230406612,16.931658370437503],[96.76356537204435,16.928913829309806],[96.76459457507963,16.92685542323926],[96.76802525126442,16.926169288182166],[96.76768218508482,16.924110882111563],[96.76701524785545,16.92317879956198],[96.76600460502857,16.92176636932254],[96.77042672621252,16.917935662101172],[96.77373325278745,16.913030716494404],[96.77421356720242,16.91386589529486],[96.77523589312204,16.91489194350845],[96.77694501240245,16.920337137049273],[96.78029373606711,16.917993027156513],[96.78037568678855,16.917935662101172],[96.78203665726596,16.91574172819827],[96.78157326089735,16.913610118212432],[96.77964959305433,16.90892194878893],[96.77909261233424,16.908918303836685],[96.77893235314565,16.907838724377655],[96.77899341891123,16.90696513193535],[96.77907726090694,16.905553464320974],[96.77909603155666,16.905275911953822],[96.77913839592031,16.904649491880605],[96.77909981860182,16.904510632959386],[96.77836786308649,16.90187612208541],[96.77816179333217,16.901116998950386],[96.77810095509506,16.900533388405222],[96.77807410313739,16.899774374987487],[96.7780323233331,16.89881296554597],[96.77838707620265,16.89697806258755],[96.77853941686067,16.896597001850182],[96.7800806165273,16.895280621903225],[96.78136998173932,16.892881264858545],[96.78081310893788,16.892587447352867],[96.78358429427982,16.892159110154864],[96.78581877501654,16.888583944393588],[96.78494438397621,16.88230305404278],[96.78558157882685,16.880761791423595],[96.78635595985969,16.879350513215684],[96.78551275371069,16.87878922654164],[96.78467717651057,16.878233017439868],[96.78355196005498,16.876405711954078],[96.78410899743233,16.875635215093155],[96.78568826719982,16.876169151585145],[96.78641284737506,16.87634834420078],[96.78741652405341,16.87670306379539],[96.78922824698606,16.875356532278204],[96.78906426910078,16.87493311527112],[96.78733642683471,16.873727785409017],[96.78664595254872,16.873449149358805],[96.78745085117589,16.871789853419045],[96.78828610012346,16.870454515763356],[96.788595069407,16.868299168172143],[96.78904513152764,16.868517009152697],[96.79016674709777,16.866731495162412],[96.78994181226489,16.866147809074164],[96.78959839624906,16.86544595386772],[96.78955951316107,16.86537808203292],[96.78917889129286,16.864713698878177],[96.78859132462998,16.86176846684134],[96.78886595240186,16.86105519743944],[96.79053291776,16.86106284257619],[96.79171532390313,16.86168046368249],[96.7918259405148,16.861738243325306],[96.79266915925433,16.861963059447703],[96.79396224496168,16.86211567529824],[96.79533544317621,16.861509303811374],[96.79567912629068,16.861104684433712],[96.79564091499628,16.86003694724735],[96.79504516540214,16.85952941305203],[96.79491983318383,16.859422639243462],[96.79443925436817,16.85920139612756],[96.79334035387427,16.85674836844248],[96.79366875211127,16.856660865306765],[96.79440877184743,16.85619918754253],[96.79453063807853,16.85592425130318],[96.79465289191751,16.855356021862974],[96.79448884388512,16.854711636932564],[96.79435501307347,16.854493893078768],[96.79413004136836,16.854127861811435],[96.79222646887649,16.852502505386383],[96.79221884622285,16.8504160917293],[96.79403848139088,16.850892840332392],[96.79477482559776,16.85131993196933],[96.79478652397898,16.851325825226695],[96.7963504099435,16.852113573782447],[96.79715131917811,16.851839138465493],[96.79796791708577,16.85008042427222],[96.79794091673995,16.849630045590175],[96.79578566717487,16.846731207779044],[96.79555699475958,16.84619301389654],[96.7951565077667,16.8446022669811],[96.79522108988147,16.84401878413962],[96.79586981224207,16.842942982732495],[96.7970257513374,16.843720634599663],[96.79824609717969,16.844541615802996],[96.79948216586934,16.847013250461202],[96.79996282022802,16.84794793924607],[96.80090144804348,16.85019851874671],[96.8015613201988,16.853872322149982],[96.80194092943043,16.85411997655575],[96.80237388015053,16.854402429328672],[96.80311006607673,16.854272939544558],[96.80404060718831,16.851888608372633],[96.8039223067691,16.851072261375805],[96.80344205890395,16.8499621823089],[96.80304113933715,16.848924594894186],[96.80562779548643,16.845396042793197],[96.80653165731019,16.844789344852416],[96.80776761718187,16.844087553497843],[96.80690935278449,16.84271440834334],[96.80597109189245,16.839128528059177],[96.81798729257957,16.83552366938187],[96.82858831290037,16.827814139411032],[96.82885171803241,16.827474243341726],[96.83696430615788,16.822085635143992],[96.8373395195033,16.821836297207426],[96.83746435529582,16.821684370237563],[96.83214932603062,16.81729022156651],[96.82296353284084,16.801813997118302],[96.82941037329016,16.799075044377844],[96.81615811290663,16.782263672030865],[96.81167203014013,16.76082507461757],[96.80774289212081,16.755957519224182],[96.79951458912706,16.75495043951122],[96.79652768250662,16.75501147380055],[96.79333868293395,16.757227815211536],[96.79890432627371,16.77050677376866],[96.79005041349586,16.77576342893917],[96.7883719458087,16.77751055896516],[96.7816962261,16.777373229790783],[96.78084173525792,16.780009186774578],[96.78016653146034,16.781660949093578],[96.77886741040271,16.779915016964537],[96.7745780003745,16.774126924517986],[96.77132711305586,16.773476497942056],[96.76730671003668,16.767394353266866],[96.7596782575456,16.758219589362625],[96.75596711788825,16.755023887142727],[96.75627637945144,16.75224053127556],[96.75390537353422,16.750797310947178],[96.74802940113602,16.75090039573672],[96.74813248952285,16.744199726136515],[96.74431826237799,16.741004023916616],[96.74246269030095,16.737189798570398],[96.73949797804931,16.735616762003986],[96.73094555849082,16.724620791816164],[96.72728023389573,16.71606837045897],[96.72556975034377,16.704094979299896],[96.72214877874319,16.69212159083878],[96.71970523261047,16.680636911064653],[96.7223931362343,16.672573199293765],[96.72923507224084,16.665486905796115],[96.72448721031657,16.653220091933747],[96.71143331699403,16.63547412073416],[96.68996420198641,16.609000122058035],[96.67995062062471,16.59691134788045],[96.67442312382815,16.59035006690209],[96.66924276624076,16.583441650311954],[96.66337194515921,16.576189912134794],[96.6526640925739,16.562720214566298],[96.64263887488426,16.553388493783984],[96.61570730474835,16.537852205414993],[96.6012038265954,16.530600464539873],[96.59049596951343,16.525767242564257],[96.5711554535614,16.515402709767272],[96.55319586100023,16.507113373383504],[96.53350820673842,16.500208769918856],[96.51347723088958,16.492262756920752],[96.48550024204258,16.483282959740848],[96.45269003211934,16.48052111925432],[96.43024062280654,16.476721678762487],[96.42264174631958,16.48121157915108],[96.40468215285915,16.48052111925432],[96.39190291608679,16.4846638804338],[96.38358306300802,16.496905243482274],[96.3764800960796,16.500563537177527],[96.36877822293673,16.50874606377988],[96.36010741392607,16.516180907522937],[96.35102080606543,16.525267518081534],[96.34276198727594,16.528155242970115],[96.34028243318778,16.531874574552035],[96.31261061938466,16.543848907301253],[96.30095785452141,16.552158166366326],[96.29174660781973,16.556763788817875],[96.28740416387114,16.559527161749145],[96.28578948239874,16.561770355117858],[96.28246306731677,16.575652040209548],[96.28148264800586,16.593214006521237],[96.28306171812386,16.59834598597854],[96.28872005548624,16.60110935890981],[96.29582587416485,16.602951610228672],[96.29977416414641,16.605116760430178],[96.30464235176316,16.610978551419066],[96.30701096008778,16.6132155700426],[96.31056386942709,16.613873514950797],[96.31609061528974,16.614136692554382],[96.3188539900197,16.617031656086112],[96.32016988073548,16.622426813146944],[96.32280166846226,16.62532177847737],[96.32688093210936,16.62769038500329],[96.3306884700969,16.62980929476322],[96.33724974837725,16.62894717317357],[96.34156417214888,16.62756625517858],[96.34519194914918,16.62756625517858],[96.3488197270488,16.628256715075395],[96.35296248642965,16.62894717317357],[96.35693358861425,16.630328096564426],[96.365741723202,16.630328096564426],[96.36867904120487,16.630156433972274],[96.37092208078946,16.62894717317357],[96.37299346227854,16.625838196175835],[96.37541198117805,16.623938477278955],[96.3781776365887,16.622038759281338],[96.38266753427934,16.62048617599629],[96.3895721359454,16.620829498482635],[96.39440917194577,16.61737719899861],[96.40027999302731,16.614439881895066],[96.40528869161989,16.61167804140854],[96.40805052940846,16.611330902199427],[96.41133117079693,16.61202517702037],[96.4165115292837,16.61616793819985],[96.41893004818326,16.618586457998674],[96.42048644549311,16.618414795406522],[96.42117690538993,16.61720553730578],[96.42324828328168,16.61305896120217],[96.42652892556953,16.611330902199427],[96.43274688226285,16.611330902199427],[96.43378066374669,16.61167804140854],[96.43585585926053,16.612196839612523],[96.43896102133414,16.6135777594061],[96.44224166362193,16.617720521484955],[96.44396971992671,16.61910525620266],[96.44673156131256,16.61737719899861],[96.4494972158239,16.61616793819985],[96.45795821479982,16.615649139995867],[96.46072005618572,16.613406096813947],[96.46244811338977,16.612196839612523],[96.46469115657169,16.61167804140854],[96.46676635118621,16.61167804140854],[96.46797560928701,16.612540160300227],[96.46900939436813,16.612715636917187],[96.46978377630029,16.613100923568823],[96.46693801287904,16.61374941930029],[96.46503829398216,16.613230621096363],[96.46313857328659,16.614268220202234],[96.45951079808492,16.616686736403835],[96.45605849680226,16.618414795406522],[96.45294951710656,16.6189297795857],[96.45104979820968,16.61806765709673],[96.4493255559297,16.61737719899861],[96.4484596203153,16.617895997202538],[96.44673156131256,16.619967377792307],[96.44483565644043,16.620829498482635],[96.44224166362193,16.620829498482635],[96.44051741774467,16.6189297795857],[96.43827056143732,16.615649139995867],[96.43481826015466,16.6135777594061],[96.42773818456965,16.6135777594061],[96.42500686077807,16.614176666519995],[96.42341994587389,16.616515077408962],[96.42290114856922,16.61910525620266],[96.42134856528412,16.62031070027865],[96.41875838649042,16.620829498482635],[96.41685866489553,16.62013903678718],[96.41167830730808,16.61495868009905],[96.40943145010141,16.613406096813947],[96.40649794882137,16.61374941930029],[96.39561843274453,16.619620239482515],[96.3907813967441,16.622557557485322],[96.38214873607535,16.622729219178154],[96.37938307976538,16.62462893807509],[96.37316893799613,16.631365692073075],[96.36836623541348,16.63346759205575],[96.36470794081885,16.63326541097001],[96.36297988181616,16.632746612766027],[96.36038970302246,16.63291827535818],[96.35728072422609,16.63308993705101],[96.35469054543239,16.632574950173876],[96.35244368822566,16.63205615196989],[96.35158156843471,16.631537353765907],[96.34830092614686,16.63170901455942],[96.34536360904337,16.63205615196989],[96.34294890596732,16.631537353765907],[96.34001158886377,16.631365692073075],[96.33604049027645,16.63291827535818],[96.33119582532714,16.63346759205575],[96.32878875119997,16.632574950173876],[96.32582854635041,16.63181582703885],[96.32257079540597,16.62980929476322],[96.32136153640585,16.626700317765483],[96.31652450040542,16.621695434097035],[96.3144531171177,16.620829498482635],[96.31393431891377,16.618586457998674],[96.31219863096209,16.616949951778906],[96.30944442122313,16.615477478303035],[96.30754470322552,16.615130341791883],[96.30512999835082,16.61392489501793],[96.30202102135308,16.611159240506595],[96.3002929623504,16.608225739226555],[96.29318055703715,16.604897834867245],[96.28804857757984,16.604503065763936],[96.28265341692173,16.60173969373193],[96.28028481039576,16.599107906904408],[96.27791976428574,16.594233430328586],[96.27836226760462,16.58940020835297],[96.27888106490929,16.585947906170986],[96.27752143746443,16.58147494990908],[96.27554759824312,16.580817005000824],[96.27439116811797,16.58214846927649],[96.2699012686287,16.592165862864306],[96.26511763796867,16.599192534907615],[96.26144027145142,16.60459796222625],[96.26016234741445,16.60786334391821],[96.25936507593758,16.614439881895066],[96.26437377453016,16.630328096564426],[96.26541137003875,16.641035950049115],[96.26380919813602,16.647025026583776],[96.26178359303844,16.65329638681885],[96.25768660914974,16.65783587582507],[96.2514667683767,16.664376168425463],[96.24694823717147,16.668158447154667],[96.2428176258328,16.672648146994447],[96.24220272877295,16.673315838755002],[96.23781073038094,16.67770783894565],[96.23541288239869,16.68293024973127],[96.232063415894,16.687199618367742],[96.22826001208995,16.69943125704691],[96.22646481330054,16.705958366485447],[96.22547155526814,16.7094562813823],[96.2275353078083,16.725149946612817],[96.22629934523866,16.731345013761427],[96.22505957044291,16.739607650172957],[96.2213440528858,16.74538691757226],[96.21817469180866,16.749909171071465],[96.21637166711878,16.752613708555828],[96.21633244408707,16.752672543103415],[96.21632288429373,16.75284127030841],[96.21597295988425,16.759016829363247],[96.2164640328889,16.771752982314354],[96.22304349546101,16.77951674949844],[96.22975454503626,16.782543299133977],[96.23738672161994,16.784648728955744],[96.24554525431012,16.78688574488126],[96.25712510483976,16.789517529010823],[96.265809995435,16.795833812180717],[96.27814305605727,16.805685636982616],[96.28130337714919,16.811701612239688],[96.28258419520449,16.814419874277803],[96.28330227687866,16.8216999348042],[96.28420254681015,16.82130320697746],[96.28620144743888,16.820803482494796],[96.28829953339681,16.82040293704597],[96.29080197253307,16.82000239519442],[96.29329678631768,16.82040293704597],[96.29460141212553,16.820803482494796],[96.2957992281519,16.82130320697746],[96.29789731141187,16.8216999348042],[96.30000302452004,16.822100477555068],[96.30079648107278,16.82250102030588],[96.30169674830637,16.822901564855385],[96.30249783560669,16.823302107606253],[96.303298922907,16.823702650357063],[96.30370327878336,16.824202377537745],[96.3041991901406,16.824602920288612],[96.30460354961417,16.825003462140103],[96.30500027744091,16.825400189966842],[96.30539700616697,16.82580073541567],[96.30580136204327,16.826300459898334],[96.30629727519914,16.826701001749882],[96.30670163197482,16.82710154719871],[96.3070983598015,16.82750208994952],[96.30750271927513,16.827902631801066],[96.30789944530324,16.828303175451254],[96.3096934039275,16.83073967809372],[96.31095172634116,16.834070532229305],[96.3112692113051,16.83556798257638],[96.31198844680944,16.8389603521386],[96.31386359353007,16.84833608304382],[96.31388575192597,16.848529657617632],[96.31429162405925,16.852075263562597],[96.31441005488017,16.853109848141003],[96.31559435679418,16.861663149934486],[96.31612071379993,16.86837420040905],[96.31580440065261,16.875778854810335],[96.31580349953191,16.87579997179131],[96.3160323581069,16.87621543879152],[96.3162994090905,16.876700239024842],[96.31670376856414,16.877501327224536],[96.3171004972902,16.878302411826894],[96.31749722511688,16.87870295727572],[96.31829831061862,16.879202680859066],[96.31919857965079,16.879603223609934],[96.31960293912442,16.879999953235313],[96.3199996669511,16.8804004968855],[96.32080075335216,16.88080103873699],[96.32170102238433,16.881300765018352],[96.32250210878533,16.881701308668482],[96.32330319428706,16.88210185141935],[96.32379910474492,16.882502394170217],[96.32420346421856,16.882902936921028],[96.32499691987204,16.883303480571215],[96.32579800627303,16.883803205953257],[96.3266982753052,16.884199933779996],[96.32749936170626,16.884600479228766],[96.3279037193812,16.885001021979633],[96.32997459365265,16.885883791104106],[96.33170315717501,16.887503462015218],[96.33249661462713,16.887900191640597],[96.33290097230207,16.888300734391407],[96.33329770102813,16.88880045887413],[96.33370205870312,16.889201004322956],[96.3341979700603,16.889601546174447],[96.33460232683598,16.890002088925314],[96.33499905736068,16.89040263167618],[96.33580014196303,16.89080317622563],[96.33670041189453,16.891302900708354],[96.33709714062059,16.89170344345922],[96.33750149739626,16.892100172185224],[96.33789822702164,16.89250071673473],[96.33830258379726,16.892901258586278],[96.33879849425517,16.893301802236408],[96.33920285193011,16.894202071268637],[96.33952288017684,16.894848279124858],[96.33959958065617,16.895003156770315],[96.34115145257755,16.89646849862237],[96.34169766391614,16.898302870980785],[96.34210202159107,16.899203139113638],[96.3430759468975,16.90083561816931],[96.34359407780448,16.902686091989608],[96.34363401219997,16.903072478512115],[96.34373869058817,16.904085310288906],[96.34263477187727,16.90705984493593],[96.34251712076855,16.9073768568565],[96.34251677542892,16.90737778945345],[96.34252750703888,16.907395650888645],[96.34320638996297,16.90852560137546],[96.34394979834457,16.90992127184927],[96.34435389071956,16.910539946061704],[96.34494393321603,16.91144331235904],[96.34496884893326,16.911481458002925],[96.34497979278325,16.91150029250457],[96.34544886567267,16.91230759861685],[96.34599433417122,16.91324638651156],[96.34601727317869,16.91328586674939],[96.34626224041011,16.91373730033621],[96.34653675216941,16.914243177081005],[96.3471433403929,16.915200704149242],[96.34822288297971,16.916624041366447],[96.34823955191382,16.916641829956518],[96.34847102032137,16.91688884674295],[96.34861301967516,16.917040385205667],[96.34862324496686,16.91705129757935],[96.34925239538182,16.91772271073455],[96.34925940469782,16.91772979469431],[96.34991787211214,16.918395197680297],[96.35063360205913,16.919118466643965],[96.35064122201481,16.91912616753865],[96.35228167535911,16.920720847189386],[96.35277327806438,16.921217829639204],[96.35339516825246,16.921846524097873],[96.35417743993696,16.922558334799362],[96.35427122303855,16.922643670569016],[96.35428152657124,16.9226530460013],[96.35472551557012,16.923057043048175],[96.35475746488515,16.923086115431943],[96.35482875504306,16.92313653951976],[96.3554653410527,16.92358680668582],[96.35632134635313,16.924192272555388],[96.35729215820658,16.924787319779057],[96.35785868972681,16.92513456870546],[96.35934225813878,16.92599635035134],[96.36053204771588,16.926715431172283],[96.36089261740045,16.9269333512932],[96.36099050590718,16.926992513193966],[96.36127112766047,16.927155519811436],[96.36196637015195,16.927559370268796],[96.36201831948989,16.927589546120714],[96.36247408601031,16.927854291242625],[96.36294622378927,16.9281275052802],[96.36299849238657,16.92815775127923],[96.36535429706322,16.92952099489804],[96.3656326822026,16.929718108304087],[96.36576325566978,16.929810562207706],[96.36582799246793,16.929856398853758],[96.3658990227218,16.929906555842933],[96.36603731507012,16.930004209626645],[96.36633097519439,16.930211572606026],[96.36669993915092,16.93075893957348],[96.36688396742124,16.931031950364286],[96.36707221620986,16.93138418153478],[96.3673796080825,16.93195933935209],[96.36767724410959,16.932832642212702],[96.3677020510089,16.932927077322802],[96.36807801708687,16.934358323178117],[96.3681141797257,16.93467459315798],[96.36832969865674,16.93655946604656],[96.36830273518314,16.936788177132712],[96.36804358114642,16.93889012118217],[96.36755907948799,16.941297581118533],[96.36715408689167,16.94229554170596],[96.36696888320745,16.94275191077213],[96.36650657411917,16.943891107188904],[96.36532788127676,16.94550461414667],[96.36457981980288,16.946687531104715],[96.36427014545092,16.947338518857634],[96.36391215052538,16.94809108413625],[96.36349384526483,16.94890571612592],[96.36343191165344,16.949026328702132],[96.363431631065,16.94902687459063],[96.36340451021005,16.949079690875067],[96.36335949374569,16.949167358586806],[96.36328671700846,16.949318447388464],[96.36325090330661,16.94939279793931],[96.3627221010442,16.95049061654879],[96.3622589843647,16.952149888206804],[96.36218699003763,16.95240783265541],[96.3621866339061,16.952409107894084],[96.36218651789352,16.952409473918124],[96.36218605654136,16.95241091733004],[96.36195616554465,16.953131308463185],[96.36183253394432,16.953529615499406],[96.36119123908446,16.955595681095872],[96.36092077787168,16.956467031528348],[96.36101595672108,16.9603693472676],[96.36168220596909,16.96379577055842],[96.36434720206177,16.96712701679843],[96.36901094589848,16.969696834041713],[96.37396022448485,16.97264736578336],[96.37672039942697,16.975883433173976],[96.37870616725587,16.977501466419596],[96.3792902166702,16.97797735886809],[96.38319253330883,16.978738786066174],[96.38833216869472,16.97807253681816],[96.39290073368198,16.97645450357254],[96.39506024693293,16.975830554836307],[96.39679208398752,16.975330174747796],[96.39965840321281,16.975597897525006],[96.40137862642251,16.97691069996887],[96.40215273765875,16.977501468218236],[96.40250108285875,16.977767310513002],[96.40327518420247,16.97835807246713],[96.4040747057831,16.98030527646739],[96.40412457229121,16.98042672361447],[96.40584177377889,16.980213387337983],[96.4058054528594,16.980160723038978],[96.40576913283928,16.980108057840653],[96.40643191340212,16.980030914894883],[96.41295019869278,16.97831557500382],[96.41329326217436,16.978495274837087],[96.42015462173845,16.98208931916679],[96.42385378242619,16.983630639342607],[96.42427143208096,16.983804659957116],[96.4247364679137,16.983246617137695],[96.42508989518257,16.982822504954697],[96.425495625223,16.982335629086037],[96.42598677197202,16.98174625298725],[96.42722834631121,16.978642315790296],[96.42735904208621,16.97831557500382],[96.43559266456987,16.977286371069226],[96.43989003269888,16.97298900383953],[96.44039561266743,16.972483423870983],[96.44897230672666,16.972483423870983],[96.45002349009206,16.972213889859177],[96.4516647231485,16.971793061100925],[96.46235194708476,16.96905274858551],[96.47195784238056,16.965965138580316],[96.47744692373658,16.964592869365504],[96.4806973829779,16.96672598301774],[96.48365234567927,16.96866517675653],[96.48365448156915,16.968666577900308],[96.48363696097704,16.969323873498013],[96.48370184346538,16.970253270671947],[96.48377786315791,16.97134219858367],[96.48422024686698,16.972738230584923],[96.48517773256634,16.97398558846419],[96.48518898758175,16.97399118044865],[96.48535763294848,16.974074976578947],[96.48645208089886,16.97461878313038],[96.48779457086283,16.97520265357963],[96.48792486554015,16.9760257176128],[96.48795092609441,16.97619034031203],[96.48799710178486,16.977117572817804],[96.48847361386623,16.978071312840882],[96.48909917238893,16.97946338692583],[96.4890496799988,16.98136328658643],[96.48875246755239,16.98310650186363],[96.48835916434405,16.984395674620714],[96.48943515191081,16.98472408095165],[96.49100269451878,16.98433502524125],[96.49161350146198,16.983655841044254],[96.49212806475845,16.982351325853074],[96.4931429964522,16.980409671569134],[96.4976879182629,16.983461591079617],[96.50191687586317,16.984082979445986],[96.50105483251457,16.985242843182732],[96.50135966401734,16.98654753643973],[96.50320243244636,16.987108186393755],[96.50455278338433,16.986787522326324],[96.50582293997678,16.98581879689999],[96.50666207219695,16.985433445497165],[96.50755508010292,16.985353534438104],[96.50879474428206,16.98437295055129],[96.50936305106404,16.983762854072495],[96.51011474579894,16.982953741222218],[96.51153755781212,16.983114088544426],[96.5115145873284,16.985059476813433],[96.50989325806745,16.986474986331586],[96.50898904281013,16.988615104803273],[96.5093477158245,16.990361875999838],[96.51689970885457,16.994096689410753],[96.52753480448769,16.989979876370228],[96.53608513941771,16.986055278128617],[96.53784768022632,16.98718050717474],[96.53820602588746,16.98740928031407],[96.53884324412047,16.987253068973985],[96.54147525308053,16.986520510912896],[96.54296659523226,16.986139166889075],[96.54492351011197,16.985822602830922],[96.54638105034525,16.98564711002615],[96.54758247085442,16.98529254601425],[96.54834528120983,16.984846227771243],[96.56325710463176,16.982293474264452],[96.56561531949149,16.986206132207258],[96.5721336047821,16.987578404120086],[96.57693655198034,16.986549201084813],[96.58105336502086,16.983804659957116],[96.58585631311843,16.984833862992446],[96.59271766458863,16.983118522202062],[96.5968344776291,16.98071704995192],[96.60163742482735,16.983461591079617],[96.60746957596024,16.986549201084813],[96.61295865821558,16.98586306332976],[96.62084921631833,16.991009080304877],[96.62942590857887,16.992381352217706],[96.63834566791832,16.995125893345346],[96.64589315714352,16.995468959524885],[96.65069610524114,16.99615509638062],[96.65892972862412,16.996498162560215],[96.6637326749231,16.990666011427322],[96.67299550493868,16.986549201084813]]]]}'
);

-------------
select st_within(
	geometry, 
	ST_GeometryFromText('POINT(96.06180218782077 17.788863892554673)', 4326) 
) from geo_state;
--------------------------------------------
select geo_state.mmr4,geo_district.mmr4,geo_district.pcode,geo_state.pcode from geo_district
inner join geo_state on substring(geo_district.pcode from 1 for 6) = geo_state.pcode
order by geo_state.pcode;
-------
select ST_ASTEXT(geometry) from geo_district;
select ST_AsGeoJSON(geometry) from geo_district;
----is a point contain in polygon;
SELECT mmr4,name,geometry,pcode  FROM geo_township where st_contains(geometry, ST_GeomFromText('POINT(95.212525 18.701444)', 4326));

SELECT mmr4,name,geometry,pcode  FROM geo_villagetrack where st_contains(geometry, ST_GeomFromText('POINT(95.212525 18.701444)', 4326));

select mmr4 from geo_district where st_within( 
	(select geometry from geo_state where geo_state.pcode='MMR111')::geometry, 
	geometry
);
select * from geo_villagetrack where p_pcode in (
select pcode from geo_township where st_contains(geometry, ST_GeomFromText('POINT(95.212525 18.701444)', 4326))
	)
	
----------------


select 
geo_state.mmr4 as state_mm,geo_state.pcode as state_pcode,
geo_district.mmr4 as district_mm,geo_district.pcode as district_pcode,
geo_township.mmr4 as township_mm,geo_township.pcode as township_pcode
-- geo_villagetrack.mmr4 as villagetrack_mm,geo_villagetrack.pcode as villagetrack_pcode
from geo_state
inner join geo_district on geo_district.p_pcode = geo_state.pcode
inner join geo_township on geo_township.p_pcode = geo_district.pcode
-- inner join geo_villagetrack on geo_villagetrack.p_pcode = geo_township.pcode



where st_contains(geo_township.geometry, ST_GeomFromText('POINT(
95.234453 18.817616
)', 4326))
or 
st_contains(geo_ward.geometry, ST_GeomFromText('POINT(
95.234453 18.817616
)', 4326));
---------
select * from geo_ward where 
st_contains(geometry, ST_GeomFromText('POINT(
96.130487 16.790053
)', 4326)); --MMR013037
select * from get_location(18.82385254004437,95.2222059320405)  
select * from get_location_town(18.687010, 95.010602,
		(select township_pcode from get_location(18.687010, 95.010602))
							   );

----------------------
select mmr4, 
			ST_X(ST_Centroid(ST_Transform(ST_SetSRID(geometry, 4326), 4326))) AS long,
			ST_Y(ST_Centroid(ST_Transform(ST_SetSRID(geometry, 4326), 4326))) AS lat,
			 st_astext(geometry)
			from geo_town where ST_IsValid(geometry);
-----------------------
--point is in range
										
select geometry::geography,* from geo_village where
ST_DWithin( geometry , 
				  ST_GeomFromText('POINT(
								  95.19434491998618 18.778528500912945
								 )',4326) , 1000, true );
				  
select geometry::geography,* from geo_town where
ST_DWithin( geometry ,  ST_GeomFromText('',4326) , 6000, true );

select vt.mmr4 as vt_mmr4,vt.pcode as vt_pcode,v.mmr4 v_mmr4,v.pcode as v_pcode from geo_village v 
					inner join geo_villagetrack vt on vt.pcode=v.p_pcode 
					where ST_DWithin( v.geometry , ST_GeomFromText('POINT(
								  95.19434491998618 18.778528500912945
								 )',4326) , 2500, true );

1
